1	-0.113909	0.020648	0.149156	0.996405	-0.064734
2	0.802679	0.125724	0.005083	-0.379422	-0.135541
3	0.129104	0.980665	0.144677	-0.204945	-0.012342
4	-0.185457	-0.288377	1.157493	-0.004016	-0.020065
5	-0.262093	1.11093	0.100649	0.214722	0.017125
6	0.041415	1.053057	-0.103231	-0.295094	-0.287752
7	1.510914	-0.142848	0.022192	-0.11447	-0.083744
8	0.405103	0.658646	-0.080385	-0.047495	1.00536
9	-0.116433	-0.153807	-0.132809	-0.084022	0.947711
10	-0.295523	0.280336	-0.230984	0.852465	0.060361
11	0.852821	-0.145805	-0.108242	-0.00341	0.239267
12	-0.276713	-0.22725	0.477222	0.083962	1.152416
13	0.007068	-0.034642	0.133991	0.035797	0.959799
14	-0.198813	0.154898	-0.145375	1.122263	0.092993
15	-0.054245	-0.179235	0.981067	-0.103432	-0.227475
16	0.07966	-0.022917	-0.215133	0.036242	1.053421
17	0.368905	0.160692	0.538585	1.020759	0.090105
18	0.152085	0.096975	1.032188	-0.000422	-0.024799
19	-0.185361	0.059426	0.14224	0.581215	1.043111
20	1.065082	-0.233005	-0.119731	0.182466	-0.379687
21	1.159356	0.537404	-0.297331	-0.335773	0.176709
22	0.131674	-0.12209	0.955916	0.146613	-0.035252
23	-0.150679	0.954872	-0.250019	0.292205	-0.103625
24	0.081677	0.123911	1.168022	0.129281	-0.081913
25	0.145206	0.113127	1.012178	-0.034258	-0.08873
26	-0.130466	-0.266464	1.182259	-0.196538	0.044937
27	0.314773	0.210426	1.147253	-0.14747	0.217025
28	1.062781	0.105386	-0.071842	-0.056193	-0.346647
29	0.064771	-0.115512	1.089247	0.066472	-0.042344
30	0.102883	-0.261185	0.931631	0.13734	-0.431567
31	0.135738	0.925013	0.066194	0.260525	-0.214562
32	0.107675	0.011808	-0.516843	1.005845	-0.744929
33	-0.510986	1.33493	-0.14197	-0.132034	0.111022
34	-0.12288	0.03046	0.920633	0.021764	-0.173615
35	0.166194	0.980115	0.189928	-0.154239	0.372528
36	-0.113688	-0.168586	0.979924	0.185333	-0.176654
37	0.369474	1.106893	0.010606	-0.035389	-0.131899
38	0.224354	-0.042876	1.322338	0.110199	0.005292
39	0.219053	-0.004124	0.222718	0.883699	0.468726
40	1.196966	-0.263644	-0.265453	0.013558	-0.092553
41	-0.090142	0.032544	1.073506	-0.006068	-0.126114
42	-0.178705	0.105807	-0.162405	0.058692	1.182182
43	0.138166	0.675451	-0.365628	-0.111267	0.616605
44	0.31003	-0.281246	-0.289448	0.053069	1.11821
45	0.227098	-0.009019	1.196199	0.227433	0.11313
46	0.274157	-0.188458	1.269265	-0.268058	-0.229579
47	1.288759	0.051138	0.169553	0.007271	0.041546
48	0.127336	0.321532	0.763408	0.008537	0.229143
49	-0.232203	0.152373	-0.210068	0.000575	1.169992
50	0.823629	-0.1113	0.072787	-0.148419	0.19766
51	0.104221	0.207983	-0.473561	0.665286	1.041453
52	-0.396367	-0.418689	0.026028	1.030472	-0.139433
53	1.058925	-0.005451	-0.542097	-0.143812	0.111281
54	-0.021454	-0.233178	-0.645674	0.965858	-0.386731
55	0.332069	-0.055034	0.021094	0.993203	-0.13477
56	-0.042477	1.025351	0.171994	-0.084862	-0.15894
57	-0.127491	0.893103	-0.242837	0.377485	-0.150259
58	-0.321907	0.074994	-0.095539	-0.520489	1.057151
59	0.244146	0.155914	-0.256399	-0.265731	1.252837
60	0.155342	1.50054	-0.319368	-0.163903	0.425944
61	-0.12666	0.620568	0.295681	0.454813	1.212352
62	-0.070276	-0.129928	0.037392	0.149465	1.14979
63	-0.055364	-0.139683	0.399049	0.13648	1.220054
64	0.640066	0.1553	-0.23826	0.970829	0.08411
65	1.21438	0.111385	0.152686	0.206094	-0.076585
66	-0.007045	0.250645	0.726039	0.20349	-0.099438
67	0.777308	-0.091044	-0.37714	0.040329	-0.028333
68	-0.338074	0.104176	1.180128	0.166106	-0.561469
69	-0.244142	0.090773	0.427762	1.129406	0.245274
70	1.093383	0.058479	0.535455	-0.02542	-0.10244
71	0.656813	0.104921	-0.344429	0.102288	-0.075899
72	-0.455314	0.025136	0.054367	-0.177162	1.199186
73	0.02606	0.155696	1.263153	-0.036972	-0.102967
74	-0.162228	0.916541	-0.061189	-0.183204	0.251428
75	0.132462	0.021078	-0.166069	0.895796	-0.17181
76	0.419224	-0.126839	0.332827	-0.121481	1.168873
77	1.033493	0.030731	-0.09903	-0.115577	0.215495
78	1.151151	-0.072146	0.05726	0.457131	-0.075412
79	0.430348	0.326527	0.224406	-0.066809	1.13517
80	1.102081	-0.007305	-0.066381	0.173962	0.06226
81	0.848526	0.451478	0.056541	-0.064829	0.056259
82	-0.224339	0.049541	0.699965	-0.208145	-0.352415
83	0.167289	0.266458	0.083818	0.340358	0.944309
84	0.055186	-0.098205	1.176023	-0.211784	0.015748
85	-0.389947	0.939086	0.237488	-0.150591	0.10552
86	-0.044322	0.103227	0.964794	-0.108807	0.031633
87	0.078872	0.027218	1.403499	0.034408	0.124059
88	1.509519	0.240278	-0.184862	-0.451797	0.167685
89	0.181559	1.158382	-0.424899	-0.099661	-0.056339
90	0.731223	0.40981	0.052433	1.195624	0.057548
91	0.466511	-0.038646	-0.035759	0.065186	0.901327
92	0.787243	-0.255396	-0.131202	0.219225	-0.337036
93	0.128627	1.012598	0.18412	0.096119	0.237812
94	-0.474733	0.040679	0.011466	1.003097	0.395842
95	-0.204049	0.925602	-0.017888	0.051876	-0.369922
96	-0.049243	-0.11853	0.786593	-0.132484	-0.068989
97	0.009153	-0.034841	1.204021	0.031017	0.12672
98	0.092908	1.093735	-0.0448	-0.158628	0.188815
99	-0.289692	0.442439	-0.170926	0.107114	1.123924
100	-0.061237	1.194919	-0.22218	0.135637	0.352405
101	0.251205	0.058845	0.667045	0.229852	-0.015985
102	-0.577358	-0.156518	-0.084772	1.05971	-0.072963
103	0.059073	-0.088172	0.948234	-0.008066	0.071801
104	1.359696	0.366248	0.197953	0.122744	0.208122
105	-0.045755	0.115442	0.159073	0.847074	0.196131
106	0.052128	0.737312	0.116694	0.184774	-0.260578
107	1.258623	-0.130513	-0.315365	0.17533	-0.191744
108	0.338101	-0.364959	-0.248688	1.133939	-0.001579
109	0.144046	-0.472529	-0.02638	1.251299	-0.222907
110	0.583803	0.255402	0.014067	-0.112945	0.053343
111	-0.04557	1.197404	0.104075	0.390698	0.020197
112	-0.220115	0.188551	0.128129	-0.145891	1.260819
113	0.180644	0.210002	-0.204313	-0.144287	1.332646
114	-0.015095	-0.113967	0.199038	-0.206926	1.23593
115	-0.226999	-0.375486	-0.274502	-0.01184	0.97278
116	0.17084	-0.076499	1.519693	-0.015125	-0.072515
117	-0.040413	0.030313	-0.075057	0.160124	1.03021
118	0.427376	-0.181485	0.205608	0.897818	0.3241
119	-0.208371	1.018808	0.158191	-0.128526	-0.06766
120	-0.000181	-0.054011	0.248941	0.387914	0.813645
121	0.95834	-0.099013	0.29155	0.126854	-0.142381
122	0.378248	1.06674	0.129562	-0.142197	0.003275
123	-0.1264	0.045316	0.146487	0.168954	0.911805
124	0.019028	0.069558	1.192333	0.002832	0.011966
125	-0.234329	-0.303699	0.308253	0.289515	0.980035
126	-0.075611	-0.02454	1.266053	-0.078898	-0.068335
127	0.14787	0.17477	1.566798	0.062834	0.115213
128	-0.126099	0.111065	1.083683	0.172915	0.09894
129	0.269401	-0.124776	0.106249	0.099977	1.040162
130	-0.338652	0.081075	-0.080556	0.250922	1.534747
131	0.210389	1.14433	0.216902	0.175453	0.130767
132	-0.134771	0.934785	-0.10679	0.336147	0.108393
133	1.082441	-0.18073	-0.017925	-0.320942	-0.100174
134	0.776786	-0.021813	-0.150321	0.113531	0.126082
135	-0.079716	-0.296686	0.137412	-0.167073	0.669653
136	0.085245	1.25159	0.209402	0.061395	-0.115452
137	1.159748	-0.148393	-0.18936	-0.023033	-0.180689
138	0.110002	-0.533284	0.740251	0.885243	-0.016046
139	1.008964	0.49339	0.273337	-0.292221	-0.019286
140	-0.109868	0.127142	0.88615	0.357708	-0.179403
141	-0.463592	0.920336	-0.182927	-0.326398	-0.055826
142	0.442749	0.110358	0.147128	1.112632	-0.085143
143	0.102884	1.06054	0.088841	-0.136351	-0.617219
144	-0.133308	-0.537228	0.200153	1.037574	0.082715
145	0.764434	-0.134396	0.136343	-0.093747	-0.047682
146	0.110515	1.088804	0.00539	-0.112691	-0.029975
147	0.090813	-0.308303	1.288329	0.402853	0.276802
148	0.295718	-0.660452	0.044337	1.017122	-0.26138
149	0.343019	1.228352	-0.310486	0.230947	0.15331
150	-0.286901	0.300815	1.246329	-0.046319	0.094804
151	0.281094	-0.044006	1.058508	0.208811	-0.003684
152	0.19352	-0.132351	-0.244164	0.200303	0.99654
153	0.39539	-0.035802	-0.035399	1.051851	-0.025431
154	-0.014184	-0.311647	0.011978	-0.543424	0.915476
155	-0.12727	0.36271	0.109355	0.752483	-0.093607
156	-0.085822	-0.030338	1.178738	0.069151	-0.086058
157	0.011564	0.42701	-0.025242	0.94319	-0.343394
158	0.214912	0.270077	0.127213	-0.535635	1.066451
159	0.115472	0.071091	0.906019	-0.095179	-0.194713
160	0.172996	0.263948	1.223696	0.090175	-0.106337
161	1.274706	-0.005325	0.258579	0.189295	-0.058103
162	0.151967	1.015161	-0.123583	0.01996	0.002506
163	-0.198058	1.081573	-0.01517	-0.480677	0.06856
164	-0.182728	1.02075	0.003262	0.028664	-0.316544
165	0.114872	-0.932827	0.26683	0.877621	0.078796
166	0.381977	0.874314	-0.060882	-0.217753	-0.173222
167	-0.186635	0.226482	0.413473	0.911193	0.296239
168	0.044147	0.093963	1.06778	0.007025	-0.02031
169	1.11962	0.108329	-0.194531	-0.501721	-0.225429
170	-0.118566	-0.048975	0.681953	0.074813	-0.021907
171	1.537044	-0.1899	0.006323	0.301078	-0.016941
172	-0.079264	0.009908	0.917869	0.212653	0.251617
173	0.030834	0.26149	0.450543	0.03007	0.768022
174	-0.364636	-0.194692	0.264201	-0.292082	1.127992
175	1.170565	-0.208923	0.06114	-0.380952	-0.006561
176	-0.1092	0.92201	-0.010425	0.350293	0.212445
177	0.10604	0.382019	-0.431182	-0.065582	0.855897
178	0.08328	1.162811	0.213022	-0.090827	0.066917
179	0.212269	-0.136778	1.002233	-0.015811	-0.068324
180	0.87502	0.107974	-0.084465	0.152547	-0.490276
181	0.963483	0.198096	-0.22943	0.19092	0.365232
182	-0.18908	1.009509	-0.439734	-0.027868	0.124661
183	1.09418	0.172405	-0.148892	0.070162	0.042367
184	0.544651	0.240541	0.062708	0.014194	0.877461
185	0.561089	0.061244	-0.36098	1.104649	0.189092
186	0.809837	-0.567991	-0.085783	0.095837	-0.14443
187	0.131188	-0.231512	0.223736	0.175253	1.01179
188	-0.230585	0.065671	0.558512	0.954392	-0.243434
189	-0.192695	0.951835	-0.020563	0.413873	0.035465
190	-0.174904	0.08707	1.051543	-0.272732	0.104201
191	0.733718	0.177137	-0.086413	0.049323	0.791207
192	0.88055	0.342734	0.235844	0.200167	-0.051646
193	0.953555	0.272452	0.090288	0.323616	-0.275086
194	-0.046895	0.192974	1.103771	0.202183	0.100986
195	-0.207245	0.876314	0.154719	-0.298846	0.108175
196	0.042728	-0.023057	1.599403	0.010848	0.304548
197	0.185065	0.096874	-0.061268	0.310292	1.355227
198	0.177578	0.582493	0.073381	0.985677	0.264837
199	0.130319	-0.388464	-0.073407	-0.014413	1.189777
200	-0.104749	0.1693	-0.278427	-0.156559	1.02854
201	0.183043	-0.070962	-0.283594	1.050935	0.377384
202	0.213142	0.990258	0.083376	-0.353067	0.070346
203	0.046547	0.93831	0.133135	-0.015019	-0.148007
204	-0.127252	0.854522	-0.027942	-0.073565	-0.390531
205	-0.424324	1.111184	0.019476	0.197592	-0.122966
206	0.076762	0.381718	0.317475	0.040335	0.90387
207	-0.040999	-0.011406	0.846649	-0.00636	-0.041677
208	0.074851	0.278231	-0.057422	0.010512	0.976242
209	0.1925	0.251633	0.318164	0.040272	0.029337
210	0.231273	0.882255	-0.06386	-0.327632	0.082059
211	0.226278	-0.450993	0.237568	0.944629	-0.480814
212	0.101171	1.063196	0.076422	0.033683	0.180786
213	-0.464403	0.023941	-0.044966	0.958462	-0.527943
214	0.123502	-0.431014	0.741332	0.97444	-0.289454
215	-0.113871	-0.037618	-0.161645	0.301822	1.073453
216	0.144072	-0.097446	1.123594	-0.008629	0.198741
217	0.81122	-0.06955	0.113083	-0.17721	0.164605
218	0.807428	-0.191287	0.079589	-0.066747	0.117504
219	0.202785	0.010942	0.801429	0.213844	-0.07048
220	0.123173	-0.197055	-0.107821	0.08046	0.964685
221	0.089608	0.944161	-0.062371	-0.134099	-0.296095
222	-0.341362	1.15159	0.004851	-0.145329	-0.203254
223	0.716643	0.136861	-0.071346	-0.078042	-0.042098
224	0.213909	-0.265913	1.301659	0.150613	-0.016958
225	0.00365	1.050288	0.226459	0.212282	-0.301887
226	0.812095	-0.258172	-0.072032	0.214017	0.080435
227	1.166392	0.055273	-0.138964	-0.459803	-0.026603
228	-0.031658	-0.076613	1.10731	-0.012846	0.00711
229	0.897519	0.03412	-0.214209	0.074824	0.023219
230	0.057157	-0.092215	0.398086	0.077621	-0.243617
231	1.067386	-0.11596	0.16162	0.145637	-0.028879
232	0.990939	-0.264945	0.13656	0.013137	-0.133264
233	0.665021	-0.064074	-0.171228	0.160547	-0.048569
234	0.223035	0.45566	-0.191019	0.161271	0.823155
235	0.046236	1.306821	0.058005	0.159968	0.219819
236	0.227315	-0.078411	1.229904	-0.01775	-0.011367
237	-0.355483	0.149863	-0.377794	1.047421	-0.085649
238	-0.484047	-0.493789	-0.281402	0.928154	-0.448628
239	0.12775	0.005529	0.103324	0.731751	1.13173
240	0.056676	0.089878	-0.213462	0.854517	0.544462
241	0.152451	0.505028	0.131507	0.952841	-0.575433
242	-0.025009	0.856603	-0.152739	0.157178	0.214858
243	0.975205	0.187981	-0.012429	0.094474	0.43065
244	-0.153032	0.758011	0.161426	-0.293624	-0.097802
245	0.852781	-0.227064	0.060774	0.15463	-0.076527
246	-0.010214	0.905581	-0.372086	0.079447	-0.1683
247	-0.165211	-0.029187	1.124432	0.02486	0.038567
248	-0.151463	-0.262109	0.8848	0.143796	0.22925
249	0.240101	0.057444	1.254498	0.116068	0.073132
250	-0.171946	-0.119578	0.061821	0.433342	1.131248
251	-0.238647	-0.347129	0.068938	0.977202	0.013539
252	0.820523	-0.110713	-0.417303	-0.101321	0.099975
253	0.84669	0.11787	0.113292	-0.015111	0.129012
254	0.136273	0.020642	1.086167	-0.120933	-0.002715
255	0.599989	0.098481	-0.133523	0.060299	-0.151269
256	0.92521	-0.333138	0.198351	0.192634	0.077014
257	0.078861	-0.136011	-0.180925	-0.077904	1.094113
258	0.283979	1.201429	-0.088711	-0.171334	0.234721
259	0.326636	-0.193301	-0.324398	1.086799	0.062079
260	0.2274	-0.261836	-0.391662	1.050613	0.655463
261	1.056986	0.13677	0.151643	-0.258739	0.197621
262	-0.311266	0.884977	-0.065926	-0.196471	0.069786
263	1.122837	-0.097621	-0.008377	0.246874	-0.00657
264	1.326236	-0.060736	0.076497	0.157589	0.136386
265	0.122364	1.027912	-0.383913	-0.158542	0.086099
266	0.038183	0.471729	0.182962	-0.094368	1.129669
267	-0.150193	0.118845	1.003711	-0.119882	-0.009467
268	-0.228799	1.102434	-0.140381	0.053493	-0.16988
269	0.098838	0.96656	0.381252	0.177799	0.248547
270	0.052958	0.303174	0.004391	0.800415	-0.451247
271	-0.047973	0.230792	0.07148	1.078916	-0.112554
272	0.101954	0.202551	0.268803	-0.082612	1.177053
273	0.241834	0.614174	0.381457	0.981625	-0.275683
274	0.740557	-0.060998	0.167054	-0.147132	0.336554
275	0.069294	0.063677	-0.337692	0.26633	1.124913
276	-0.409302	0.200694	-0.167122	0.307908	0.9189
277	-0.08795	-0.138487	-0.213833	1.095132	-0.110549
278	-0.37958	0.149605	0.278043	0.958852	-0.594393
279	0.129476	-0.012919	1.185735	-0.02978	0.148716
280	0.026641	0.122941	1.163889	-0.254764	0.028591
281	-0.092036	-0.434286	0.326096	0.173789	0.874114
282	-0.214409	-0.222149	0.015006	1.169356	0.110265
283	-0.031411	0.008565	1.178425	-0.145037	0.153366
284	-0.109892	-0.221973	-0.030935	0.087616	1.106817
285	-0.173998	-0.050061	-0.091027	1.050009	0.00729
286	0.047576	1.034258	0.076906	-0.025629	0.07362
287	0.102657	0.035027	1.086517	-0.081834	0.119102
288	0.043359	-0.246785	0.1085	-0.310328	1.320895
289	1.077893	0.199934	-0.311392	-0.188348	0.363048
290	-0.24349	-0.152797	0.133421	0.108598	0.989121
291	0.060452	-0.25929	0.115278	0.911266	-0.410962
292	0.176618	0.764759	-0.289253	-0.081486	-0.031821
293	-0.396874	0.282449	0.188867	1.14873	0.426858
294	-0.261551	0.076959	1.006673	-0.003867	-0.08436
295	-0.180634	-0.233652	0.320852	0.282839	0.905121
296	-0.301378	0.787023	-0.067061	0.121269	0.198572
297	0.033667	-0.041596	0.456838	0.008601	0.070163
298	-0.142996	-0.2108	0.480682	0.014259	-0.020416
299	0.199227	-0.295442	-0.00311	1.086843	0.109336
300	-0.12768	0.410231	-0.106037	0.025926	0.923542
301	0.871376	0.100561	-0.306104	-0.141923	-0.173169
302	0.249508	0.000405	-0.11477	0.367117	1.191933
303	0.056008	1.198603	-0.045132	-0.25901	0.112809
304	0.043531	1.058049	-0.05625	0.334038	-0.105679
305	0.054045	-0.052172	0.306295	-0.420938	1.019017
306	0.078548	1.134977	-0.179575	0.041507	-0.156982
307	0.839532	0.058299	0.03062	0.058272	0.1532
308	0.100917	0.070493	-0.003862	0.87624	1.019172
309	-0.250847	-0.038204	-0.085588	-0.423727	0.895359
310	1.159357	0.081507	0.036812	-1.7e-05	0.230707
311	0.216863	-0.290837	1.12567	-0.14561	-0.026092
312	-0.14501	1.22252	-0.012315	0.18683	-0.148128
313	-0.017746	0.200594	-0.065009	-0.261569	0.838417
314	0.184616	-0.019568	-0.145599	-0.162631	1.014133
315	-0.285879	0.007993	0.299564	1.082605	-0.451764
316	-0.57817	-0.010789	0.162883	0.914167	-0.416331
317	0.061741	0.729873	-0.271646	0.968772	-0.142773
318	0.313957	-0.664131	-0.345093	-0.223749	1.052784
319	0.403165	1.274413	0.096256	0.324103	0.024315
320	0.075269	-0.133201	0.021769	0.976197	-0.077095
321	-0.130769	0.168094	-0.494547	1.065602	0.236249
322	0.106616	-0.007231	0.856755	-0.009135	0.008718
323	-0.074992	0.818751	-0.219496	-0.47747	0.023339
324	-0.346906	0.320331	0.482162	0.927194	-0.422797
325	0.901589	0.183338	0.185535	-0.078923	0.051995
326	-0.100442	0.110206	0.982821	0.040386	-0.160723
327	0.150736	-0.443725	0.829774	-0.341529	-0.251548
328	0.791632	0.235167	-0.072682	-0.296339	-0.274504
329	-0.20016	-0.319062	0.149114	-0.062739	0.993829
330	0.030657	0.037811	1.098881	-0.031325	0.059252
331	0.001456	-0.089906	1.395336	-0.031993	-0.006842
332	-0.160209	-0.082699	0.043503	-0.480017	0.768815
333	-0.095407	0.198976	1.036972	0.010341	0.213007
334	-0.021	0.072222	1.269114	-0.010377	0.022462
335	-0.511106	-0.010622	0.385347	0.904027	-0.205921
336	-0.153536	0.214883	-0.05782	0.916926	0.123663
337	0.023069	1.12028	0.166638	-0.139389	-0.080251
338	-0.143839	-0.442992	0.021159	0.904169	-0.322834
339	0.08066	0.068954	0.979509	0.009969	-0.104552
340	0.129412	1.024792	0.202322	-0.158762	-0.144336
341	-0.008328	0.998936	-0.32781	-0.039568	0.039303
342	-0.295502	-0.031059	0.818799	-0.090565	0.053527
343	-0.185114	1.257466	-0.05671	-0.076592	-0.059733
344	-0.035296	0.105856	0.944886	0.044309	-0.133896
345	-0.264986	-0.201764	0.238967	0.993367	-0.291347
346	1.10956	-0.245787	-0.09264	0.312023	-0.26228
347	-0.257642	0.866817	0.220357	-0.269203	-0.311715
348	0.177281	0.840915	-0.297947	-0.041499	-0.043609
349	-0.304061	0.756509	-0.102617	0.053157	-0.116557
350	-0.10975	-0.032752	0.555076	0.197487	-0.065166
351	0.811344	0.086078	-0.283416	0.127688	0.117901
352	-0.022541	1.059914	-0.173978	0.099029	0.041209
353	0.914663	-0.292183	-0.005445	-0.042855	0.191705
354	-0.104111	0.188759	1.276104	0.120415	0.284412
355	0.425462	0.230263	0.324199	0.936087	-0.143877
356	0.280177	-0.195637	-0.091079	-0.271928	0.90238
357	-0.168477	0.057597	0.158428	0.911789	-0.209138
358	0.14838	0.282307	1.094849	-0.385327	-0.172893
359	1.124021	0.225224	-0.067658	-0.109976	-0.045277
360	-0.182115	0.053228	0.120201	0.478563	0.809555
361	0.955027	0.162899	-0.213358	0.004421	-0.136668
362	0.020802	0.046969	1.277919	-0.057094	0.388342
363	-0.09099	0.400049	-0.13469	0.131213	1.054049
364	-0.26005	-0.583461	0.363676	-0.102636	1.179689
365	0.127492	-0.05401	1.090297	-0.271099	0.173154
366	0.939793	0.184468	0.03282	0.163254	-0.0556
367	0.516308	0.076078	0.478396	-0.22788	0.941898
368	1.031389	-0.054685	0.594203	0.091499	-0.196632
369	0.805268	0.245433	-0.196814	-0.011683	-0.335773
370	1.18884	-0.075015	-0.015173	0.117751	-0.3812
371	-0.324499	1.209344	-0.101168	0.355447	0.04369
372	0.101245	0.017324	0.02796	1.049998	-0.070358
373	0.02604	0.147832	1.127658	0.148103	-0.08274
374	1.057256	0.036774	-0.045046	-0.042663	0.149835
375	-0.286589	0.046792	0.973774	-0.253176	0.017507
376	0.208327	0.220786	0.359055	0.919799	0.184077
377	1.012633	0.099345	-0.108561	-0.071957	-0.424802
378	-0.002709	0.11458	-0.327671	-0.16115	1.048826
379	0.825504	-0.063042	-0.069479	-0.062138	-0.181332
380	-0.176318	0.870345	0.006535	0.246602	-0.025081
381	0.220295	0.320757	0.01491	1.001583	-0.235922
382	-0.135294	-0.063789	-0.444593	-0.101481	0.951838
383	-0.188929	0.287966	-0.387689	0.919613	0.245721
384	-0.309188	0.190724	-0.002683	1.092073	-0.063159
385	0.696985	-0.305051	-0.379178	-0.198297	1.146147
386	0.687152	0.113826	0.127969	0.114001	-0.084724
387	-0.01899	-0.248894	0.039066	-0.183173	1.02725
388	-0.006336	0.11278	0.229013	1.053855	-0.677595
389	0.279747	-0.0717	-0.207884	-0.110477	1.06985
390	-0.022219	0.963764	0.089746	0.01069	0.139765
391	-0.008568	-0.269252	0.115059	0.470397	1.128575
392	0.245256	0.875647	0.252447	-0.193284	0.095081
393	0.281759	-0.020349	0.994011	0.069178	0.456769
394	0.144713	0.178046	-0.082187	0.947338	0.00412
395	1.652408	-0.299815	-0.064692	-0.190034	0.011979
396	1.188105	0.02445	-0.136103	0.026219	-0.057191
397	0.736396	0.020111	-0.495206	-0.461638	0.065707
398	0.000729	0.258136	-0.070831	0.235255	0.919016
399	0.024073	0.170353	0.073535	0.358592	1.201379
400	1.274704	0.066994	-0.157032	0.052609	0.130087
401	0.214078	0.908725	0.248849	-0.032157	-0.327363
402	0.747548	0.009949	0.401	-0.380586	-0.358465
403	-0.030357	0.071107	0.97265	-0.120982	-0.00327
404	0.513089	-0.225938	-0.454014	1.079214	0.450709
405	0.221642	0.305745	0.314083	-0.093216	0.851014
406	-0.473863	0.29357	0.019474	1.109339	-0.121649
407	0.023587	1.082443	0.259673	0.022246	0.267939
408	0.055004	-0.021617	-0.467664	0.994538	-0.21623
409	0.528836	-0.465098	-0.389062	-0.364209	1.142227
410	-0.000523	-0.314838	0.079673	-0.200537	0.847494
411	-0.18084	0.293613	0.292053	-0.086729	1.154631
412	0.187196	-0.250853	0.76182	-0.081026	0.107755
413	1.143348	0.149871	0.042381	-0.05292	-0.056063
414	0.814073	-0.346642	0.057429	-0.076618	-0.079346
415	0.288829	0.234795	-0.661977	0.996943	0.172807
416	0.025937	0.199977	-0.412981	-0.031351	1.199957
417	0.06408	0.947665	-0.229187	-0.074273	0.131828
418	0.131913	1.060608	0.22689	-0.116159	0.314799
419	0.118833	-0.447694	-0.208318	0.133898	0.880077
420	0.280472	-0.113878	1.688749	0.060778	-0.057239
421	0.083811	-0.128834	1.104149	0.036729	-0.003585
422	0.283644	1.140665	0.288761	-0.026743	-0.112
423	0.007672	-0.096307	0.633197	0.134795	0.034347
424	-0.019016	0.139913	0.040994	0.393312	1.019492
425	0.001991	0.923683	-0.05371	-0.056846	0.010782
426	0.255651	-0.436176	-0.143613	1.101107	-0.070467
427	-0.015842	1.321027	-0.107782	-0.444246	-0.197814
428	-0.841025	0.09443	-0.230391	1.067029	0.513425
429	0.391717	-0.102988	-0.122504	0.781109	0.232784
430	0.081596	0.021066	0.668994	0.257381	0.120211
431	0.878068	-0.194303	-0.279453	-0.070802	0.021432
432	0.088957	-0.106451	1.04153	-0.119442	0.330207
433	1.028496	-0.276036	0.541927	-0.100097	-0.018224
434	0.30735	-0.064258	0.712118	-0.259989	-0.013705
435	-0.131779	0.257255	-0.235905	0.176289	1.312317
436	0.96641	-0.305808	0.009002	0.026019	-0.07501
437	0.211411	-0.144269	1.55758	-0.070338	-0.116035
438	-0.141041	0.079149	1.407311	-0.257541	-0.228028
439	0.222039	-0.321751	1.167389	-0.205595	-0.152272
440	0.052154	0.992248	-0.111098	0.233497	-0.16069
441	-0.071665	0.25887	-0.621339	1.045097	-0.551898
442	-0.097903	1.06936	0.206559	0.193372	0.080477
443	-0.137149	0.003656	0.086131	0.138014	0.987063
444	0.051186	-0.176549	0.954415	0.020218	-0.394095
445	-0.278776	1.178642	0.266929	-0.257712	-0.006777
446	1.072605	0.392963	-0.306478	-0.283614	-0.10255
447	1.09812	0.294662	-0.636981	0.248243	-0.120293
448	0.218254	0.22279	-0.236034	0.050391	1.010497
449	-0.056585	-0.078988	1.484873	0.117813	-0.085308
450	0.206089	0.043089	0.567448	0.187057	0.041582
451	0.181007	1.24578	0.253464	-0.357159	0.136067
452	0.149003	-0.248006	0.50372	0.086747	1.166146
453	0.056879	-0.403641	-0.212142	0.856019	-0.06513
454	0.236429	0.476557	0.078532	-0.174796	0.906187
455	0.259115	0.936423	-0.003086	-0.312437	-0.00899
456	0.103293	-0.524149	0.760453	0.811454	-0.375939
457	0.417501	-0.66464	0.165398	-0.03413	1.128649
458	-0.11827	0.062231	1.221963	-0.370306	0.006734
459	1.043352	-0.371418	-0.169235	0.848722	-0.688888
460	0.091554	0.143811	0.959833	0.142336	0.145768
461	0.982784	0.066302	0.060608	0.535766	0.665686
462	0.15806	-0.464736	-0.155307	1.03097	-0.099158
463	0.133877	0.174767	0.051271	0.099992	1.22874
464	-0.024824	0.186907	0.115277	0.217883	0.685846
465	-0.027024	0.93781	0.306407	0.017722	0.005881
466	0.198388	-0.453866	0.917918	-0.360016	-0.186539
467	0.073008	0.178622	1.188571	0.158514	0.201827
468	0.421651	-0.057686	-0.195836	0.273888	0.807342
469	0.839092	0.063192	-0.125462	0.050966	-0.177815
470	0.076213	0.960232	-0.029084	0.113994	0.00619
471	-0.146464	-0.019631	1.344647	0.057423	-0.06406
472	0.184691	0.105602	-0.244353	1.049505	0.073921
473	0.473833	-0.245886	-0.094784	0.958547	-0.564032
474	-0.086422	0.244708	0.976874	-0.132546	0.142582
475	-0.183978	0.97361	0.287408	0.125203	0.040855
476	0.958635	0.038167	0.223441	0.346097	0.104431
477	1.03787	0.049563	0.290131	0.310539	0.153507
478	0.155957	0.228784	1.045833	0.020124	-0.238585
479	-0.278619	1.014098	-0.034476	-0.320489	0.3432
480	0.117448	-0.87771	0.004181	-0.489196	1.409098
481	-0.149731	-0.045825	1.165318	0.090634	-0.050674
482	0.156993	1.085276	-0.031525	-0.475416	-0.252655
483	1.280758	-0.072476	0.13927	-0.015107	-0.126925
484	-0.522509	-0.301695	-0.525715	-0.074489	1.188869
485	0.54398	1.086357	-0.168503	0.494233	-0.014131
486	0.233399	1.139275	0.274373	-0.00883	0.023377
487	-0.182868	-0.10165	0.146461	1.300147	0.473284
488	0.866648	0.015439	-0.139292	0.121279	-0.014433
489	-0.194151	0.314023	-0.00529	1.188717	0.296637
490	0.15902	0.13164	-0.319486	0.741074	0.97819
491	0.134315	0.095908	1.299205	-0.026396	0.007901
492	-0.236552	-0.058526	0.093631	0.865879	-0.368725
493	0.060462	-0.313082	0.764009	0.200078	0.060694
494	-0.445798	-0.415918	-0.33259	0.983929	0.32383
495	-0.171931	-0.070506	0.31704	1.113645	-0.066114
496	0.192737	-0.104577	0.716624	0.079757	0.070312
497	0.191874	0.280246	0.144194	0.042129	1.120915
498	-0.266793	1.070084	-0.193308	0.022552	0.298226
499	-0.172046	1.06919	0.079569	0.115518	-0.126875
500	-0.783005	-0.126677	0.135697	0.953224	0.524247
501	1.101662	0.164441	-0.459912	-0.232155	-0.025325
502	1.104045	-0.107383	-0.259767	-0.233793	-0.029098
503	0.004368	0.990955	0.034874	-0.292724	-0.048796
504	0.39643	-0.631841	-0.025941	-0.075573	0.842407
505	1.29714	0.130349	0.041488	-0.022536	-0.145283
506	0.247869	0.12563	0.884888	0.251797	-0.113954
507	0.188144	0.844964	0.140639	0.132091	0.037049
508	0.040713	-0.154259	1.544686	-0.035835	0.075394
509	1.103476	0.004151	-0.381492	0.011054	0.345803
510	-0.39001	1.352956	-0.166937	0.130655	-0.15681
511	-0.133451	0.084118	-0.179781	0.958002	-0.474033
512	-0.086483	0.871008	-0.00497	-0.011934	-0.086643
513	-0.027099	-0.250348	-0.06178	0.075589	1.125111
514	-0.076508	-0.115905	0.901627	0.118055	0.1664
515	0.041498	-0.005091	-0.23852	1.126744	0.103669
516	0.351574	0.732915	-0.041568	-0.164966	0.027239
517	0.094161	-0.0608	1.155906	-0.0884	-0.315245
518	0.000298	0.891175	-0.166701	-0.374384	-0.01724
519	0.033232	0.887397	-0.175049	-0.137562	-0.429024
520	0.302669	1.142808	-0.359401	0.166111	0.174626
521	0.259167	0.081269	0.573217	-0.482548	0.788224
522	0.86348	0.206693	-0.187988	0.114355	0.21792
523	0.011184	0.043835	0.914945	0.203477	-0.072369
524	1.425126	-0.042592	-0.623485	-0.024818	0.600896
525	0.16142	0.083828	1.126595	-0.001132	-0.014218
526	0.401139	1.019613	0.104916	-0.180086	0.112794
527	0.076303	1.017681	-0.190309	-0.026165	-0.108864
528	-0.310274	1.072037	0.185668	0.055395	0.015088
529	0.297992	-0.041701	1.162056	0.075241	0.101132
530	-0.243288	0.415932	0.167486	-0.043677	1.05114
531	0.043953	0.814139	0.042476	-0.036093	0.140295
532	-0.134581	0.880705	0.199992	0.181905	-0.261175
533	-0.003269	-0.168581	0.775029	0.138881	0.214578
534	0.426103	-0.26426	0.05092	-0.01851	0.881001
535	-0.121841	1.083072	0.216854	-0.068485	-0.221812
536	-0.040766	-0.159915	1.125528	-0.043189	-0.000427
537	0.035056	0.154134	-0.365567	-0.440443	0.640718
538	-0.119621	0.796265	-0.234274	-0.036099	0.198197
539	0.830331	0.215973	0.345236	0.071574	-0.013561
540	1.165755	0.10708	-0.24642	0.262142	-0.117228
541	0.038162	-0.420483	-0.003571	0.984824	0.016529
542	0.080135	0.058712	1.093059	-0.292146	-0.056531
543	-0.65292	-0.151642	0.145874	-0.226563	0.80522
544	-0.640092	-0.059134	0.082338	0.216344	0.954007
545	-0.060811	1.028049	-0.005432	-0.428661	-0.117935
546	-0.11684	-0.385665	1.448844	0.085318	0.251081
547	-0.152742	-0.046049	1.089018	-0.110681	-0.094353
548	1.01358	0.180687	0.081905	0.309809	0.077116
549	-0.611546	-0.335429	0.124006	-0.246729	1.170116
550	0.277502	0.077044	0.790496	0.187965	-0.06973
551	0.980971	0.055368	-0.056392	-0.022976	0.196105
552	-0.148934	0.045704	0.619251	0.044351	-0.07043
553	0.937528	-0.353739	0.248679	0.126477	-0.221899
554	-0.034242	-0.24995	1.317569	0.183195	-0.174745
555	0.070965	1.083627	0.470203	0.017226	-0.161264
556	0.047314	0.878093	0.131234	0.094878	-0.408537
557	0.512697	0.010951	0.129264	-0.457957	1.15123
558	1.030859	-0.058944	-0.644016	-0.01037	0.106159
559	0.027466	1.112661	0.467503	-0.067673	-0.163733
560	0.937746	-0.167199	-0.1625	-0.419691	0.513179
561	0.311684	0.9576	-0.124186	-0.09506	-0.189867
562	0.060787	1.067545	-0.002098	-0.013519	-0.310498
563	-0.101772	0.149762	0.298096	0.093334	1.143044
564	1.181461	-0.099902	-0.027007	-0.166434	0.206761
565	-0.145211	0.967277	-0.000731	0.117229	0.173909
566	0.78872	0.026923	-0.01108	-0.068945	-0.009367
567	-0.254411	0.225851	-0.714383	0.994734	-0.005908
568	-0.228311	0.109642	0.39916	1.091959	0.144753
569	-0.276964	-0.289073	0.433614	-0.281065	1.106891
570	0.230223	-0.191853	-0.504075	1.055401	0.240875
571	0.205063	0.659644	-0.473711	0.26009	-0.238282
572	1.011231	0.132212	0.190154	0.344654	-0.262833
573	1.020217	-0.264537	-0.001337	0.197159	0.060473
574	0.25932	0.093821	0.625633	0.305259	0.152509
575	-0.000354	0.724595	-0.148731	-0.158502	0.273385
576	0.223669	0.930241	-0.11451	0.196604	0.310276
577	0.068588	-0.00189	0.732751	0.129654	-0.0467
578	0.230314	-0.153292	0.161145	-0.014181	0.923716
579	-0.087066	-0.306017	0.053077	0.848063	0.222329
580	0.241759	0.056028	-0.479287	-0.306691	1.15235
581	0.00787	0.013539	0.774731	-0.063704	-0.14818
582	-0.220781	0.284593	-0.06895	0.36339	1.054316
583	-0.068903	0.270412	0.865657	-0.123845	0.101607
584	0.229516	-0.222674	-0.285646	-0.127117	0.94587
585	0.167035	-0.117364	1.26944	-0.084503	0.16596
586	-0.257143	0.76567	0.208997	0.191033	0.141127
587	-0.051334	0.788038	0.25168	0.081923	-0.26451
588	0.063073	0.404562	0.358791	1.031445	-0.02702
589	0.029908	-0.09717	-0.097074	-0.124186	0.913527
590	-0.137153	0.273258	-0.018902	-0.250668	1.309196
591	0.032816	0.901105	-0.012638	-0.147819	0.180546
592	0.096955	-0.180695	-0.216286	0.157665	0.984449
593	-0.187566	0.947766	-0.206562	-0.093126	-0.265617
594	0.960965	-0.09742	-0.126356	0.058519	0.190115
595	-0.351663	-0.333802	0.410268	1.079644	-0.257537
596	-0.075546	0.915462	0.256885	0.197478	0.173313
597	0.803299	0.148628	-0.196018	-0.155898	0.296797
598	-0.029974	-0.145465	-0.328961	-0.072944	0.93264
599	0.198758	1.038528	-0.031285	-0.154024	0.222558
600	0.114935	0.30606	-0.008458	-0.071963	1.115953
601	-0.016207	0.074507	1.179846	-0.050039	-0.112908
602	0.866603	-0.269245	-0.207125	-0.550748	0.069089
603	0.251315	-0.207376	-0.057415	0.020518	1.067201
604	0.966812	-0.121679	0.14666	-0.479612	0.180127
605	-0.040029	0.008756	0.516417	-0.551983	1.02322
606	-0.289007	-0.441815	-0.027081	1.037272	-0.310416
607	-0.094884	1.193039	0.07698	0.160894	0.066429
608	0.318722	0.864756	-0.220267	0.227547	-0.136069
609	0.188775	0.810745	0.105373	0.092111	0.024233
610	-0.288988	1.17617	0.066194	0.014963	-0.017654
611	0.077119	-0.14736	0.743304	-0.086893	0.092768
612	-0.099347	0.223531	-0.202564	-0.121394	0.899065
613	0.06694	0.618658	0.288199	0.990994	-0.269232
614	0.727078	-0.210241	0.196622	1.094649	-0.581455
615	0.306791	0.979047	0.114465	-0.107063	-0.231796
616	0.02031	-0.057651	1.190857	0.046214	0.389439
617	0.325862	0.18627	0.430007	-0.125106	0.92904
618	-0.04316	-0.266127	0.110195	-0.406434	0.824367
619	0.009033	0.050227	0.810516	0.022552	-0.126663
620	-0.096949	1.211759	0.292271	-0.000422	-0.216973
621	0.039121	1.026256	0.01219	-0.053608	0.441024
622	-0.132609	0.095826	-0.123328	1.067947	0.342781
623	0.249962	-0.103244	0.173381	-0.221406	0.862895
624	0.314638	-0.265077	-0.694007	0.997585	0.01163
625	0.003257	0.283139	1.063025	-0.288118	0.005102
626	1.007359	0.12023	-0.164301	0.085401	0.189549
627	0.796356	0.139978	-0.594784	-0.078759	0.026919
628	0.048433	0.913628	-0.017748	-0.394837	0.385298
629	0.131045	0.31077	0.405939	-0.080375	0.808082
630	-0.281605	0.327568	-0.118105	0.231692	0.761263
631	0.034633	0.449195	0.043874	-0.055633	0.993612
632	0.052481	0.958478	0.357516	-0.112236	-0.160193
633	0.16379	0.035579	1.263338	0.13258	-0.285634
634	-0.051887	0.978821	0.287502	0.051985	0.075816
635	0.08339	-0.094622	0.059449	-0.152495	0.7686
636	-0.196536	0.220545	0.975363	0.164519	0.06436
637	-0.157996	0.960221	-0.07133	-0.413469	-0.194228
638	-0.054124	0.161396	0.945501	-0.142792	0.292976
639	-0.080043	-0.067993	-0.101089	1.088416	0.406848
640	-0.146286	0.60718	0.173705	0.10847	-0.035902
641	-0.22006	0.141692	0.960751	-0.008018	-0.112899
642	-0.148461	-0.152848	0.127829	1.151973	-0.523528
643	-0.079436	-0.098138	0.338906	0.93705	-0.173472
644	0.176599	1.000517	0.134574	-0.242453	0.375416
645	-0.129767	0.025116	0.094329	0.003557	0.765301
646	0.068253	-0.052017	0.962259	0.093192	0.231609
647	0.084932	0.044917	0.235117	-0.083957	1.030575
648	-0.196861	-0.105512	1.109568	-0.260668	-0.192574
649	-0.500264	0.12082	0.728441	0.98973	-0.249296
650	0.214295	-0.247506	0.096267	1.054467	0.003709
651	-0.132172	1.047072	-0.486319	-0.26915	-0.042849
652	-0.474495	0.025814	-0.137973	1.09305	0.092984
653	0.046673	-0.201371	0.440662	0.919018	-0.138128
654	0.095685	-0.434647	-0.051269	0.975706	-0.336287
655	0.364946	1.190049	0.087124	0.185617	-0.09784
656	0.137298	-0.227795	-0.290595	-0.074514	0.96961
657	-0.146887	1.009354	0.163004	-0.483585	-0.056459
658	-0.351697	-0.151591	0.068745	1.189776	0.252302
659	-0.385094	0.421096	0.060148	-0.360356	1.042711
660	0.188766	-0.016376	0.111052	1.100764	0.278078
661	-0.581003	0.04751	-0.367277	0.934886	0.079875
662	0.668202	-0.094775	0.305002	0.353295	1.220752
663	1.22569	0.014441	0.192449	-0.581372	0.062106
664	0.141599	-0.232725	0.864993	-0.001	-0.166647
665	0.215202	0.169334	0.893515	-0.323576	0.037498
666	-0.068565	-0.254354	-0.12616	0.813175	0.169489
667	0.954943	0.017177	-0.038645	0.158247	0.235298
668	1.29892	-0.142672	-0.279019	0.337189	0.250374
669	0.943904	-0.160158	0.377157	-0.135176	-0.008171
670	0.558089	0.960716	0.101485	0.034769	-0.325442
671	-0.299285	0.959167	0.118022	-0.300858	0.056416
672	0.066656	0.480877	-0.163566	1.024315	-0.410743
673	0.986235	-0.081198	-0.044736	0.10606	-0.06739
674	0.056811	-0.06782	0.776147	-0.133712	-0.028663
675	0.915133	-0.021391	-0.184377	-0.015185	0.277889
676	-0.096271	-0.162955	1.158969	-0.036999	0.038027
677	-0.18905	0.214378	1.152846	0.086605	0.14736
678	-0.043619	1.011856	-0.139374	-0.014336	0.105289
679	0.065324	0.947684	0.193247	-0.102535	0.044685
680	-0.047537	-0.129628	1.250425	0.115133	0.146326
681	0.757146	-0.112167	-0.087521	0.107352	-0.074596
682	-0.225657	1.066958	-0.165449	-0.051785	0.333778
683	0.018135	0.049944	1.185575	-0.108491	-0.258834
684	1.243855	-0.039117	0.551818	0.215218	-0.009164
685	0.011065	1.080447	-0.027987	0.073191	-0.139793
686	0.068296	-0.056415	0.824796	0.2109	-0.015539
687	0.101353	-0.222144	0.186961	0.282197	0.900781
688	0.215359	-0.073684	0.543446	0.022445	-0.10463
689	0.070537	-0.068387	1.024796	-0.007328	-0.196734
690	1.204731	-0.102013	-0.179421	0.042161	-0.270418
691	-0.206761	0.472119	-0.038063	0.996039	-0.361911
692	0.73121	0.002385	-0.099063	0.111216	-0.231246
693	0.395228	-0.414588	-0.447724	0.145167	1.172507
694	-0.091992	-0.109568	-0.217948	0.917946	0.085107
695	-0.266173	1.183718	0.110609	-0.258716	-0.196906
696	0.257064	-0.152671	0.756751	0.050174	0.04756
697	-0.159057	-0.018497	-0.174419	0.101094	0.931582
698	-0.055592	1.103536	0.072709	-0.081702	-0.254161
699	0.201795	1.006073	0.06892	0.029324	0.025464
700	0.273794	0.139586	-0.202455	0.81412	-0.078965
701	-0.014825	0.225151	0.788606	0.031025	-0.202536
702	-0.256893	0.098988	0.946247	0.345261	0.050579
703	0.348575	1.276284	0.107321	-0.014339	0.041113
704	0.241267	0.792106	0.112425	-0.359868	-0.06832
705	0.041187	1.23528	0.060973	0.127527	0.020191
706	0.934195	0.320118	0.538013	-0.027609	0.046042
707	-0.213404	0.270652	0.093038	0.019487	0.634412
708	1.177899	0.368721	-0.147831	-0.06267	-0.365286
709	-0.007963	0.938676	0.075185	0.064315	0.148432
710	-0.00105	-0.038349	0.951475	-0.139793	-0.188723
711	-0.177255	0.16391	-0.243763	1.010931	-0.183874
712	0.262899	0.027989	0.947829	0.172218	-0.370797
713	0.116057	0.30047	0.397094	-0.150805	0.074787
714	0.105345	-0.237762	1.474303	-0.05628	0.033089
715	0.570385	-0.055197	0.441007	0.945671	0.384946
716	0.903664	0.045611	-0.454521	-0.05011	-0.117227
717	-0.181922	1.04383	-0.06172	0.17113	-0.171938
718	1.266513	-0.121719	0.240875	0.253644	-0.259393
719	0.279195	-0.216652	-0.248956	-0.076783	0.897954
720	-0.232436	-0.195718	0.0233	0.229229	0.854613
721	-0.082782	0.400517	0.170019	1.141048	-0.003797
722	0.047539	0.154237	0.158552	0.302639	0.771919
723	0.068092	0.821976	-0.329649	0.412236	-0.169329
724	0.589291	0.159208	0.169334	-0.00325	0.629534
725	0.116729	0.192001	-0.370561	0.94849	0.036371
726	0.319531	-0.091569	0.259614	-0.110367	1.177239
727	-0.108463	0.102295	-0.276038	0.981077	0.082244
728	-0.113027	0.092463	-0.057136	-0.391472	1.091118
729	-0.168943	1.037407	0.156468	-0.180613	0.204364
730	-0.007751	0.33215	0.890856	0.266795	0.05442
731	-0.001884	-0.603479	-0.369521	1.041971	0.534923
732	0.265669	-0.130348	-0.262792	0.00258	0.842999
733	-0.45797	0.106741	-0.524659	-0.440584	1.015268
734	1.419219	0.090723	-0.012206	0.137824	-0.420791
735	-0.030592	0.345783	1.191405	0.29568	0.131633
736	-0.110169	1.135978	-0.136576	0.285825	-0.438741
737	-0.292419	0.130592	0.846044	0.171498	-0.147014
738	0.656012	0.341586	-0.300299	-0.105218	-0.090834
739	-0.131765	-0.428778	-0.231014	-0.181939	1.116586
740	-0.283469	1.091773	-0.289708	0.127249	-0.406198
741	-0.297893	0.916436	0.002213	-0.125535	-0.027478
742	0.236174	-0.073461	1.082016	0.21509	-0.088143
743	-0.339716	0.869313	0.04233	0.024847	-0.071564
744	0.200711	-0.446136	0.443851	1.083085	0.205394
745	-0.039653	-0.120631	-0.272094	-0.504839	0.941502
746	0.153743	0.180852	0.271816	-0.142808	1.20944
747	0.273179	-0.061283	0.815408	0.15275	0.088913
748	-0.152298	-0.261127	-0.162668	-0.253315	0.71704
749	0.117174	0.958592	-0.144028	0.064107	-0.315589
750	0.968029	0.412418	0.293654	0.070165	0.374591
751	0.235964	1.097353	0.213667	-0.141653	0.274927
752	0.227069	1.061606	-0.023359	0.213051	-0.026401
753	0.460367	1.194123	0.218383	-0.016455	-0.185758
754	0.133729	0.590447	0.481974	0.13834	0.300038
755	-0.142099	-0.160461	1.068123	-0.129593	-0.206157
756	1.077763	-0.055662	-0.183066	-0.007023	-0.094802
757	-0.174889	0.196339	0.185815	0.815085	-0.235906
758	-0.101539	-0.323536	0.75365	0.071453	-0.020223
759	0.00917	0.207564	0.128143	-0.157745	1.03725
760	1.226505	-0.470191	0.277681	-0.322687	0.24352
761	1.089997	-0.092942	0.179544	0.453588	-0.186282
762	1.429998	-0.00392	0.11481	0.117757	-0.070762
763	-0.073365	-0.255318	0.158606	-0.069361	0.593917
764	1.039883	0.250895	0.408993	-0.135153	0.03937
765	0.848761	0.025807	-0.084304	-0.321037	-0.063338
766	-0.345149	-0.108934	-0.339898	0.85591	-0.034187
767	0.485266	0.182067	0.090062	-0.430362	1.024086
768	0.088794	-0.084529	0.870732	0.151069	0.37596
769	0.795054	0.320953	0.659778	0.265198	0.3409
770	0.018757	0.222465	1.023133	-0.015899	-0.037221
771	0.439716	0.623865	0.127939	1.058483	-0.070831
772	0.082157	1.077741	-0.086802	0.007827	0.263772
773	-0.138595	1.273977	0.292831	-0.107725	-0.270792
774	0.014244	1.035507	0.356945	0.180831	0.274649
775	0.604442	-0.083431	0.334883	0.808041	-0.42172
776	0.551945	-0.062899	-0.436285	-0.077224	0.892701
777	0.015629	1.186301	-0.107436	0.262321	0.043382
778	0.876117	0.094611	-0.177753	0.064398	0.277899
779	-0.308936	1.264335	0.118446	0.093767	0.249577
780	0.136985	0.534187	-0.340342	1.000497	0.174116
781	-0.093065	-0.102907	0.977809	0.032175	0.221204
782	0.201709	-0.320802	0.180595	0.127409	0.921786
783	0.804168	-0.035316	-0.45903	-0.29662	0.168151
784	0.313105	0.000494	0.17525	0.784829	0.211927
785	0.687022	-0.110947	0.382395	0.221366	0.372172
786	0.083318	0.930578	0.219577	0.007668	-0.023188
787	0.15165	0.524507	-0.295619	0.186186	0.964586
788	0.231279	-0.272497	0.246621	1.037754	-0.362608
789	0.401196	-0.157514	-0.240213	1.022798	0.261813
790	-0.076549	0.270925	-0.362764	1.088295	-0.293928
791	0.208331	0.569372	-0.106484	1.050094	-0.50218
792	-0.119623	0.869644	0.15015	0.009336	-0.115758
793	0.067123	-0.144	1.244983	0.411834	-0.208372
794	0.096803	-0.003825	0.512722	0.090056	0.090402
795	0.943655	-0.319057	0.124677	0.159623	-0.136676
796	0.570531	-0.031863	-0.250459	1.080307	0.13114
797	0.320574	0.114145	-0.328518	0.080235	0.926539
798	0.929168	0.023699	0.145688	-0.147954	-0.017023
799	0.080027	-0.116658	1.219271	-0.170456	0.122651
800	-0.112487	0.970092	0.127922	0.171214	0.010662
801	-0.115414	0.059109	0.859979	-0.001821	0.112602
802	0.015845	0.671462	0.18959	0.450824	-0.076253
803	-0.283798	1.080556	-0.059563	-0.156746	0.104191
804	-0.06105	-0.057826	1.130299	-0.041339	-0.200456
805	0.091319	1.114185	-0.035912	-0.111938	0.380855
806	0.1084	-0.044841	1.571489	0.021557	-0.058173
807	-0.362549	0.85582	-0.339036	0.177146	0.325644
808	0.775036	0.148002	-0.334284	-0.131573	-0.134674
809	0.187874	-0.412514	0.341303	1.015492	0.482889
810	0.003028	1.067468	-0.083624	-0.240204	-0.176853
811	0.002549	-0.09748	0.21401	0.004283	1.161496
812	-0.393027	0.964373	0.054322	-0.058458	0.039998
813	0.48528	-0.159261	-0.231468	0.046911	0.977456
814	-0.145269	1.204076	-0.250849	0.221673	-0.033135
815	0.104206	-0.161391	0.104502	-0.045557	0.937084
816	-0.297382	-0.161256	-0.079032	-0.187262	1.074823
817	-0.094825	0.975636	0.280198	0.226459	-0.010903
818	1.044309	-0.058019	-0.512565	-0.018736	0.020003
819	-0.486498	0.298979	0.092274	0.180523	1.161741
820	0.758369	-0.059738	-0.000773	0.062452	-0.054718
821	0.13158	1.093864	0.203031	0.35359	-0.080463
822	0.046569	0.079103	1.097445	0.232127	-0.026031
823	0.447266	0.152668	1.25022	0.221222	0.030762
824	0.073688	0.037856	0.882049	-0.007053	0.095938
825	-0.065349	-0.045787	0.336909	-0.064695	-0.407081
826	-0.73234	0.150956	0.205296	-0.059584	0.701747
827	0.0459	0.234163	1.109155	0.2307	0.087685
828	-0.076845	0.943458	0.151337	0.099749	0.150063
829	0.315416	-0.049109	0.177074	0.213657	0.871191
830	-0.053263	-0.103498	1.253008	0.071476	-0.05075
831	1.078187	-0.103694	-0.015043	-0.073386	0.268785
832	0.244073	0.17933	-0.515092	0.073377	1.184232
833	0.289668	-0.243582	-0.542239	-0.109516	0.955135
834	1.354412	0.040429	-0.179074	0.04892	0.192496
835	-0.094757	-0.485172	0.069699	-0.424769	1.174931
836	-0.217845	-0.164566	0.413249	1.058803	0.411692
837	1.12366	-0.093223	0.183281	0.079925	0.462618
838	0.287935	-0.102011	1.403209	0.11188	-0.086051
839	-0.00293	-0.127676	1.127188	0.014253	-0.01679
840	-0.230283	-0.064263	1.238233	-0.14736	0.041762
841	0.288283	1.011948	-0.040054	0.059612	0.326434
842	0.147559	0.135707	0.03983	0.871561	-0.064489
843	0.128856	-9e-05	1.291311	0.021672	-0.184021
844	-0.106668	-0.248918	-0.137277	0.971462	0.575127
845	-0.325248	0.936431	0.020097	-0.215227	0.045561
846	-0.239338	-0.171417	0.419859	0.003923	0.180839
847	0.183188	0.10953	0.884449	-0.063625	-0.050757
848	0.063375	-0.079974	0.867802	0.10912	0.178749
849	-0.089525	1.136637	0.199348	-0.13371	-0.24362
850	0.411548	0.236075	-0.292678	0.385442	0.689207
851	0.242671	1.240774	-0.19198	0.36459	-0.039845
852	-0.030306	-0.144715	0.051023	0.970071	-0.320162
853	-0.156484	0.223615	0.040076	0.981368	0.485846
854	0.4661	0.033924	-0.705471	1.022695	0.313814
855	0.089344	1.040928	0.275009	0.063425	-0.027747
856	-0.131691	-0.050665	-0.246135	0.405867	0.856981
857	-0.503815	-0.521938	-0.304888	-0.056424	1.194474
858	1.140672	-0.096029	-0.130696	0.395238	0.06244
859	1.014901	-0.051566	0.045239	0.008516	-0.022028
860	-0.747238	-0.031677	-0.173422	1.041853	0.013376
861	0.17759	0.218723	0.4616	0.992108	-0.498018
862	0.154189	0.245149	1.671119	0.024949	-0.033699
863	-0.374786	0.133471	0.297379	0.968304	-0.436288
864	-0.046805	-0.071439	0.712563	0.045485	-0.031857
865	0.126609	-0.082795	1.188277	-0.125473	0.122683
866	0.952535	-0.335621	0.072979	0.130214	-0.41049
867	-0.026149	0.105396	0.867957	-0.002141	0.205377
868	-0.338608	0.094563	-0.037383	0.428952	0.910719
869	0.050291	0.789075	-0.098491	-0.289835	-0.041337
870	-0.347005	0.005029	0.228834	0.935099	-0.404165
871	0.13558	-0.212048	0.129243	0.880065	0.164395
872	0.174584	0.059803	1.446317	-0.004175	-0.159302
873	-0.110149	-0.059358	1.299646	-0.473189	0.069391
874	-0.309622	1.118657	-0.271845	0.320041	-0.214896
875	-0.192975	0.082749	-0.420371	-0.185035	1.013067
876	-0.113352	0.697206	0.214985	-0.143248	0.016434
877	0.059703	0.001543	1.316291	-0.067243	-0.011492
878	-0.078279	-0.045881	0.821619	-0.164069	-0.262797
879	-0.109382	0.288736	-0.214741	0.007374	1.228828
880	0.057561	1.116861	0.015042	-0.010735	-0.094062
881	-0.156657	1.065409	0.187608	0.17726	0.061225
882	1.074263	0.066687	0.260547	-0.100125	0.067227
883	1.254821	-0.203756	0.017935	0.000626	0.301314
884	-0.086267	0.160622	0.686927	-0.0608	0.145745
885	1.229646	-0.118672	0.149835	-0.237775	0.160554
886	0.131392	-0.091044	0.977975	-0.050701	0.113857
887	-0.067204	-0.270463	1.133424	-0.004085	-0.048611
888	0.070438	1.226725	0.211946	0.170689	-0.286447
889	0.161264	0.168903	-0.169114	-0.171647	1.035364
890	-0.008852	-0.058873	0.88236	-0.065287	-0.229784
891	0.279762	0.125705	0.903141	-0.206894	0.147274
892	-0.095262	1.078663	0.077443	-0.556195	0.106363
893	0.180865	0.912563	0.313325	-0.004998	0.061737
894	0.109792	0.232209	0.443592	-0.257687	0.859606
895	0.201402	-0.392749	0.182045	0.924193	0.269866
896	-0.283601	-0.066275	0.049432	-0.490901	1.067735
897	-0.31958	-0.48379	0.09537	0.909934	-0.519948
898	-0.110049	0.028797	0.006842	0.122561	0.922635
899	-0.039442	0.915599	-0.120616	0.019688	-0.167765
900	-0.243484	-0.453198	-0.147658	0.779715	0.07766
901	-0.251907	0.057713	0.041154	-0.550483	1.164577
902	0.377941	0.484128	0.642678	1.005563	-0.164422
903	-0.098813	-0.192188	-0.017093	-0.132264	1.143278
904	0.030832	-0.112001	1.211167	0.027456	0.042024
905	-0.005007	-0.001931	0.735386	0.363947	0.052203
906	-0.067078	0.185771	-0.272214	1.024008	0.184182
907	0.200043	0.89736	0.02057	0.006874	-0.450283
908	0.108851	-0.069852	0.845159	0.00944	-0.271473
909	-0.159235	0.305418	0.149317	0.993876	0.016312
910	0.159176	1.053231	0.040413	0.152915	-0.012487
911	-0.001169	0.469893	-0.544895	-0.076145	0.997924
912	-0.422335	-0.205471	0.489986	0.088925	1.003277
913	-0.32244	0.983778	0.03502	0.074164	-0.291409
914	0.18535	0.346301	0.227799	0.014715	0.807634
915	-0.220189	0.941846	-0.366594	0.065199	-0.0541
916	-0.205451	0.118065	1.326269	0.131417	-0.179149
917	0.260545	0.061212	0.966684	0.226118	-0.027964
918	-0.140745	-0.39724	0.27209	0.92937	0.009983
919	-0.045733	-0.300338	-0.362728	-0.237355	1.096154
920	1.160677	-0.200402	-0.105596	0.102251	-0.255487
921	-0.116807	1.006137	0.288683	0.352173	-0.062818
922	-0.412478	-0.102903	-0.258902	0.505118	0.958803
923	0.971021	-0.295892	0.061315	-0.223338	-0.170328
924	-0.311808	-0.101573	0.679218	1.142406	0.31489
925	-0.02561	-0.083041	1.050723	0.041317	0.167266
926	0.049467	0.137666	-0.2485	0.905413	-0.690857
927	0.005406	0.308671	0.945905	0.051641	0.265342
928	-0.140872	1.018864	-0.048694	-0.138025	0.235379
929	-0.156963	-0.057604	0.629431	0.051478	0.919603
930	0.99309	0.224002	-0.163638	0.138638	0.446807
931	0.105851	-0.313219	-0.12028	0.077755	1.124252
932	0.937181	0.180103	0.076783	0.12819	-0.133888
933	-0.328416	0.074782	0.043358	0.024706	0.983692
934	-0.034311	0.043622	1.148153	0.056721	0.099152
935	-0.425895	-0.113535	0.249151	1.054008	-0.096569
936	0.248767	-0.100486	1.304019	-0.138294	-0.319457
937	-0.058711	0.204136	-0.27691	0.972572	0.327373
938	0.120177	0.404197	0.184389	0.196444	1.144245
939	0.43323	-0.164012	0.38253	-0.372638	0.9709
940	-0.168518	-0.014724	0.188885	0.125756	1.091134
941	0.302511	0.078085	-0.481763	1.044128	0.266064
942	0.043576	0.384222	0.188241	0.95601	-0.379361
943	1.075186	-0.226175	0.333281	0.166589	0.037182
944	0.858394	-0.06015	-0.230316	0.149681	-0.351472
945	1.053685	-0.248626	-0.008264	-0.056667	0.013284
946	1.123072	0.278721	-0.132423	0.064107	0.261436
947	0.314353	0.829104	-0.213278	0.541771	-0.153921
948	-0.194869	0.281826	1.15972	0.255565	-0.025839
949	-0.373353	-0.092071	0.910599	-0.048373	-0.227904
950	0.197612	-0.107499	-0.150127	0.86451	-0.341081
951	-0.13524	-0.151095	0.966229	0.065784	-0.018747
952	0.040927	0.173283	0.55177	0.158553	-0.029012
953	0.843554	-0.103904	0.260961	0.034504	0.207874
954	0.106547	0.140881	0.80215	0.268968	0.022055
955	-0.462937	0.429013	-0.096087	0.916817	0.145539
956	-0.234299	-0.086223	0.033494	0.173465	1.277551
957	0.12328	0.213127	0.029822	0.833657	-0.319804
958	-0.100708	-0.212131	-0.004894	1.186941	-0.541489
959	-0.066194	-0.454663	0.187585	1.035446	-0.237681
960	1.171225	0.309204	-0.245346	0.225369	0.0816
961	-0.108571	0.028631	0.846224	-0.026151	-0.239845
962	1.054009	0.316273	-0.128391	-0.359811	0.01593
963	0.009866	0.458825	0.283724	0.849915	-0.569601
964	0.548229	0.253334	0.530713	0.938591	-0.471319
965	-0.006881	-0.376867	-0.294441	0.964882	-0.323536
966	0.143276	0.735804	0.349182	0.42996	0.033244
967	0.111308	1.028428	-0.163214	0.029087	-0.017069
968	0.325977	0.729863	0.428202	-0.105936	-0.090112
969	-0.010716	1.083551	-0.183313	-0.083259	-0.051974
970	-0.154869	0.036693	0.848234	-0.032891	0.097432
971	-0.108153	0.979055	-0.254371	0.032445	-0.147343
972	1.015627	0.047694	-0.157575	-0.002996	-0.340064
973	-0.13817	0.010884	1.025166	-0.050158	0.005792
974	0.859162	0.225773	0.305424	0.071744	-0.241985
975	-0.269365	-0.193293	0.233146	0.995074	0.103038
976	0.924099	-0.11399	-0.187692	0.046777	-0.059331
977	0.012565	0.081063	-0.121012	1.112867	-0.352323
978	-0.164414	0.211166	1.309002	0.003508	0.156079
979	0.875248	-0.023753	-0.111839	-0.141786	0.065042
980	0.293859	1.176602	0.155168	-0.001245	-0.195999
981	0.165488	-0.248256	0.100935	0.440405	1.09601
982	1.272763	-0.134996	0.049785	-0.094867	0.342593
983	-0.144894	-0.280926	-0.297911	-0.309337	1.013539
984	0.038641	0.338464	0.734264	0.235341	-0.033824
985	0.687917	0.050785	0.439138	0.186204	0.221826
986	-0.164555	-0.176245	0.719	0.216583	-0.206329
987	0.125461	1.148016	-0.11993	0.425735	0.066408
988	-0.117372	-0.14616	0.058906	1.063702	0.239992
989	-0.209761	0.078317	0.866192	-0.10461	0.360625
990	1.08406	-0.253113	0.05316	-0.01426	-0.024823
991	1.139482	0.03298	-0.067421	0.059229	0.062005
992	0.688909	0.281369	-0.178184	-0.102416	-0.025366
993	1.279736	-0.076705	-0.05298	-0.023479	0.242709
994	-0.092222	0.026301	-0.515552	1.1134	-0.368287
995	0.550996	0.166429	-0.074194	1.159326	0.473218
996	0.095141	0.912447	-0.303264	-0.131806	0.323714
997	-0.048694	-0.475986	0.12596	-0.040219	1.116529
998	1.148998	-0.072374	-0.392864	0.272062	-0.127328
999	0.284765	-0.004327	0.861491	-0.192496	-0.112571
1000	0.71672	0.077561	-0.159005	-0.231576	0.204691
